3.4163e+01,
5.6410e+01,
7.4670e+01,
8.6410e+01,9.6720e+01,1.0703e+02,1.1734e+02,1.2765e+02,1.3796e+02,8.6410e+01,
8.6410e+01,
9.2540e+01,1.0057e+02,1.0859e+02,1.1661e+02,9.2540e+01,
9.2540e+01,1.0939e+02,1.2625e+02,1.4310e+02,1.5995e+02,1.7680e+02,1.9366e+02,2.1051e+02,9.2540e+01,
7.4670e+01,9.1397e+01,1.0812e+02,1.2485e+02,1.4158e+02,1.5830e+02,7.4670e+01,
5.4860e+01,
7.3830e+01,
7.8470e+01,
7.8470e+01,8.0515e+01,7.8470e+01,
7.3830e+01,
7.9960e+01,
9.9800e+01,1.1568e+02,1.3157e+02,1.4745e+02,1.6333e+02,1.7922e+02,9.9800e+01,
9.9800e+01,1.1048e+02,1.2116e+02,1.3184e+02,1.4252e+02,1.5320e+02,9.9800e+01,
7.9960e+01,9.2360e+01,7.9960e+01,
5.6260e+01,
6.3840e+01,
6.9560e+01,
6.3640e+01,
6.3640e+01,
6.4810e+01,
6.4810e+01,8.0420e+01,6.4810e+01,
9.6030e+01,
9.6030e+01,
6.9560e+01,
7.4230e+01,
5.8390e+01,4.9780e+01,5.8390e+01,
5.8390e+01,5.7441e+01,5.6492e+01,5.5544e+01,5.4595e+01,5.3646e+01,5.2697e+01,5.1749e+01,5.8390e+01,
7.4230e+01,
8.4450e+01,
9.2820e+01,9.9312e+01,1.0581e+02,1.1230e+02,9.2820e+01,
9.2820e+01,1.0449e+02,1.1616e+02,1.2784e+02,9.2820e+01,
8.4450e+01,9.8070e+01,1.1169e+02,1.2531e+02,8.4450e+01,
6.3840e+01,
7.4930e+01,8.0280e+01,8.5630e+01,9.0980e+01,9.6330e+01,1.0168e+02,7.4930e+01,
7.4930e+01,9.2005e+01,7.4930e+01,
1.0908e+02,1.3986e+02,1.0908e+02,
1.0908e+02,1.3111e+02,1.0908e+02,
4.2050e+01,4.4237e+01,4.6425e+01,4.8612e+01,4.2050e+01,
5.0800e+01,5.1385e+01,5.1970e+01,5.2555e+01,5.0800e+01,
5.0800e+01,
3.7760e+01,
2.7260e+01,
1.1420e+01,1.2775e+00,-8.8650e+00,-1.9007e+01,1.1420e+01,
1.1420e+01,-5.5900e+00,-2.2600e+01,-3.9610e+01,-5.6620e+01,-7.3630e+01,1.1420e+01,
2.7260e+01,
2.4540e+01,
2.4250e+01,1.2430e+01,2.4250e+01,
6.1000e-01,
6.1000e-01,
2.4250e+01,2.9210e+01,2.4250e+01,
2.4540e+01,
2.3750e+01,
2.5690e+01,1.9855e+01,1.4020e+01,8.1850e+00,2.5690e+01,
2.5690e+01,
2.7030e+01,1.9295e+01,2.7030e+01,
2.7030e+01,
2.9950e+01,3.0437e+01,3.0923e+01,3.1410e+01,3.1897e+01,3.2383e+01,2.9950e+01,
2.9950e+01,3.4638e+01,3.9327e+01,4.4015e+01,4.8703e+01,5.3392e+01,2.9950e+01,
2.3750e+01,1.4485e+01,5.2200e+00,-4.0450e+00,2.3750e+01,
-1.3310e+01,-2.2773e+01,-3.2235e+01,-4.1697e+01,-1.3310e+01,
-1.3310e+01,-2.4668e+01,-3.6025e+01,-4.7383e+01,-1.3310e+01,
4.1620e+01,
3.4620e+01,
3.1990e+01,
4.0750e+01,4.4902e+01,4.9053e+01,5.3205e+01,5.7357e+01,6.1508e+01,4.0750e+01,
4.0750e+01,4.7170e+01,5.3590e+01,6.0010e+01,4.0750e+01,
3.1990e+01,1.4075e+01,3.1990e+01,
-3.8400e+00,-2.4130e+01,-4.4420e+01,-6.4710e+01,-3.8400e+00,
-3.8400e+00,-1.1979e+01,-2.0117e+01,-2.8256e+01,-3.6395e+01,-4.4534e+01,-5.2672e+01,-6.0811e+01,-3.8400e+00,
3.4620e+01,
3.3400e+01,4.0914e+01,4.8428e+01,5.5941e+01,6.3455e+01,7.0969e+01,7.8483e+01,8.5996e+01,3.3400e+01,
3.3400e+01,
2.4650e+01,1.5602e+01,6.5550e+00,-2.4925e+00,2.4650e+01,
2.4650e+01,
9.7600e+00,-8.3300e+00,9.7600e+00,
9.7600e+00,-8.7700e+00,9.7600e+00,
3.7780e+01,2.7710e+01,3.7780e+01,
3.4570e+01,
2.4940e+01,1.3000e+00,2.4940e+01,
2.4940e+01,
1.0350e+01,-1.6483e+00,-1.3647e+01,-2.5645e+01,-3.7643e+01,-4.9642e+01,1.0350e+01,
1.0350e+01,
4.3940e+01,3.8410e+01,4.3940e+01,
3.2880e+01,2.9710e+01,3.2880e+01,
2.6540e+01,
2.6700e+01,2.6030e+01,2.6700e+01,
2.5360e+01,
2.4640e+01,
1.5540e+01,
4.0100e+00,
-1.9350e+01,-2.8855e+01,-1.9350e+01,
-1.9350e+01,-4.1867e+01,-6.4383e+01,-8.6900e+01,-1.0942e+02,-1.3193e+02,-1.9350e+01,
4.0100e+00,6.5700e+00,9.1300e+00,1.1690e+01,4.0100e+00,
1.5540e+01,
1.2030e+01,-9.5725e+00,-3.1175e+01,-5.2777e+01,1.2030e+01,
1.2030e+01,-2.7133e+00,-1.7457e+01,-3.2200e+01,-4.6943e+01,-6.1687e+01,1.2030e+01,
2.4640e+01,2.7085e+01,2.4640e+01,
2.9530e+01,
4.3110e+01,
5.3810e+01,6.3828e+01,7.3845e+01,8.3862e+01,9.3880e+01,1.0390e+02,1.1391e+02,1.2393e+02,5.3810e+01,
5.3810e+01,6.8583e+01,8.3355e+01,9.8128e+01,5.3810e+01,
4.3110e+01,5.8341e+01,7.3573e+01,8.8804e+01,1.0404e+02,1.1927e+02,1.3450e+02,1.4973e+02,4.3110e+01,
2.9530e+01,3.0170e+01,2.9530e+01,
3.0810e+01,
1.4040e+01,
-7.0300e+00,
-7.0300e+00,
1.4040e+01,
3.0810e+01,
3.0300e+01,
3.0100e+01,
3.1000e+01,3.4220e+01,3.1000e+01,
3.1000e+01,2.5005e+01,3.1000e+01,
1.9010e+01,
1.9010e+01,
3.0100e+01,3.9757e+01,4.9413e+01,5.9070e+01,6.8727e+01,7.8383e+01,3.0100e+01,
3.0300e+01,2.8500e+01,3.0300e+01,
2.6700e+01,1.6588e+01,6.4750e+00,-3.6375e+00,2.6700e+01,
2.6700e+01,2.6036e+01,2.5372e+01,2.4708e+01,2.4043e+01,2.3379e+01,2.2715e+01,2.2051e+01,2.1387e+01,2.0722e+01,2.0058e+01,1.9394e+01,2.6700e+01,
1.8730e+01,1.5501e+01,1.2272e+01,9.0425e+00,5.8133e+00,2.5842e+00,-6.4500e-01,-3.8742e+00,-7.1033e+00,-1.0333e+01,-1.3562e+01,-1.6791e+01,1.8730e+01,
-2.0020e+01,-2.8708e+01,-3.7395e+01,-4.6083e+01,-2.0020e+01,
-5.4770e+01,-5.7855e+01,-5.4770e+01,
-5.4770e+01,-6.0018e+01,-6.5266e+01,-7.0514e+01,-7.5762e+01,-8.1010e+01,-8.6258e+01,-9.1506e+01,-9.6754e+01,-1.0200e+02,-5.4770e+01,
-1.0725e+02,
-1.1137e+02,-1.3014e+02,-1.1137e+02,
-1.1137e+02,
-1.0725e+02,-1.1959e+02,-1.3193e+02,-1.4428e+02,-1.0725e+02,
-2.0020e+01,-2.0130e+01,-2.0020e+01,
-2.0240e+01,
-2.3840e+01,
-2.3840e+01,
-2.0240e+01,-1.6553e+01,-1.2867e+01,-9.1800e+00,-5.4933e+00,-1.8067e+00,-2.0240e+01,
1.8730e+01,1.6820e+01,1.8730e+01,
1.4910e+01,1.6196e+01,1.7482e+01,1.8768e+01,2.0054e+01,2.1340e+01,2.2626e+01,2.3912e+01,2.5198e+01,2.6484e+01,1.4910e+01,
2.7770e+01,2.2693e+01,1.7615e+01,1.2538e+01,2.7770e+01,
2.7770e+01,3.3266e+01,3.8762e+01,4.4259e+01,4.9755e+01,5.5251e+01,6.0747e+01,6.6244e+01,2.7770e+01,
7.1740e+01,
7.6630e+01,
7.6630e+01,
7.1740e+01,
6.9680e+01,
6.9680e+01,
1.4910e+01,1.2203e+01,9.4960e+00,6.7890e+00,4.0820e+00,1.3750e+00,-1.3320e+00,-4.0390e+00,-6.7460e+00,-9.4530e+00,1.4910e+01,
-1.2160e+01,-1.8479e+01,-2.4797e+01,-3.1116e+01,-3.7435e+01,-4.3754e+01,-5.0072e+01,-5.6391e+01,-1.2160e+01,
-6.2710e+01,
-7.5830e+01,-8.3900e+01,-9.1970e+01,-1.0004e+02,-1.0811e+02,-1.1618e+02,-1.2425e+02,-1.3232e+02,-7.5830e+01,
-7.5830e+01,-7.2435e+01,-6.9040e+01,-6.5645e+01,-7.5830e+01,
-6.2250e+01,
-6.2250e+01,
-6.2710e+01,-5.6505e+01,-5.0300e+01,-4.4095e+01,-3.7890e+01,-3.1685e+01,-2.5480e+01,-1.9275e+01,-6.2710e+01,
-1.2160e+01,-1.1490e+01,-1.0820e+01,-1.0150e+01,-1.2160e+01,
-9.4800e+00,-3.4567e+00,2.5667e+00,8.5900e+00,1.4613e+01,2.0637e+01,-9.4800e+00,
2.6660e+01,2.5500e+01,2.6660e+01,
2.6660e+01,3.2700e+01,2.6660e+01,
3.8740e+01,
3.8740e+01,5.4170e+01,3.8740e+01,
-9.4800e+00,
8.3000e+00,9.5850e+00,8.3000e+00,
1.0870e+01,1.4955e+01,1.9040e+01,2.3125e+01,2.7210e+01,3.1295e+01,1.0870e+01,
1.0870e+01,1.8475e+01,2.6080e+01,3.3685e+01,4.1290e+01,4.8895e+01,1.0870e+01,
8.3000e+00,2.7243e+01,4.6185e+01,6.5127e+01,8.3000e+00,
2.5360e+01,1.1350e+01,2.5360e+01,
2.6700e+01,
3.5570e+01,
4.6660e+01,
6.7870e+01,7.9250e+01,6.7870e+01,
9.0630e+01,1.0944e+02,9.0630e+01,
9.0630e+01,1.0304e+02,1.1545e+02,1.2786e+02,9.0630e+01,
6.7870e+01,6.7733e+01,6.7595e+01,6.7458e+01,6.7870e+01,
4.6660e+01,6.6913e+01,8.7167e+01,1.0742e+02,1.2767e+02,1.4793e+02,4.6660e+01,
3.5570e+01,
3.5410e+01,3.5260e+01,3.5410e+01,
3.5110e+01,
3.5110e+01,
3.5410e+01,
2.3150e+01,1.8087e+01,1.3025e+01,7.9625e+00,2.3150e+01,
2.3150e+01,
7.2800e+00,-9.5000e+00,7.2800e+00,
7.2800e+00,
-9.6400e+00,
-9.6400e+00,
2.6540e+01,
5.4560e+01,
5.8640e+01,7.6025e+01,9.3410e+01,1.1079e+02,1.2818e+02,1.4556e+02,5.8640e+01,
5.8640e+01,7.6359e+01,9.4077e+01,1.1180e+02,1.2951e+02,1.4723e+02,1.6495e+02,1.8267e+02,5.8640e+01,
5.4560e+01,6.3390e+01,7.2220e+01,8.1050e+01,5.4560e+01,
3.2880e+01,
1.3690e+01,-3.4550e+00,-2.0600e+01,-3.7745e+01,1.3690e+01,
1.3690e+01,
5.6000e-01,
5.6000e-01,
0.0000e+00,
0.0000e+00,
