-50.25,
-50.25,
-44.58,
-44.3,-39.19,-34.08,-28.96,-23.85,-18.74,-44.3,
-44.3,
-41.08,-27.02,-12.97,1.092,-41.08,
-41.08,-41.44,-41.8,-42.16,-42.52,-42.87,-43.23,-43.59,-41.08,
-44.58,-41.16,-37.74,-34.32,-30.89,-27.47,-44.58,
-54.25,
-70.85,
-84.43,
-84.43,-99.49,-84.43,
-70.85,
-67.85,
-76.17,-83.87,-91.57,-99.27,-107,-114.7,-76.17,
-76.17,-69.57,-62.97,-56.37,-49.78,-43.18,-76.17,
-67.85,-78.91,-67.85,
-50.25,
-43.82,
-41.93,
-7.25,
-7.25,
-7.45,
-7.45,1.225,-7.45,
9.9,
9.9,
-41.93,
-29.1,
-17.15,-2.475,-17.15,
-17.15,-18.31,-19.47,-20.63,-21.78,-22.94,-24.1,-25.26,-17.15,
-29.1,
-34.6,
-41.6,-51.66,-61.72,-71.79,-41.6,
-41.6,-30.94,-20.27,-9.612,-41.6,
-34.6,-26.11,-17.62,-9.137,-34.6,
-43.82,
-51.88,-62.93,-73.97,-85.02,-96.06,-107.1,-51.88,
-51.88,-62.74,-51.88,
-73.6,-76.35,-73.6,
-73.6,-88.08,-73.6,
-47.88,-36.05,-24.23,-12.4,-47.88,
-0.57,2.243,5.055,7.868,-0.57,
-0.57,
-46.08,
-37.4,
-38.47,-23.94,-9.41,5.12,-38.47,
-38.47,-33.04,-27.61,-22.19,-16.76,-11.33,-38.47,
-37.4,
-33.4,
-27.73,-9.665,-27.73,
8.4,
8.4,
-27.73,-7.275,-27.73,
-33.4,
-32.92,
-40.48,-37.18,-33.88,-30.57,-40.48,
-40.48,
-40.6,-56.74,-40.6,
-40.6,
-38.25,-48.78,-59.32,-69.85,-80.38,-90.92,-38.25,
-38.25,-29.43,-20.62,-11.8,-2.983,5.833,-38.25,
-32.92,-35.42,-37.92,-40.42,-32.92,
-42.92,-50.1,-57.27,-64.45,-42.92,
-42.92,-53.23,-63.54,-73.86,-42.92,
-57.28,
-68.88,
-54.55,
-44.43,-46.84,-49.25,-51.66,-54.06,-56.47,-44.43,
-44.43,-50.28,-56.14,-61.99,-44.43,
-54.55,-60.1,-54.55,
-65.65,-67.01,-68.36,-69.72,-65.65,
-65.65,-67.09,-68.52,-69.95,-71.39,-72.82,-74.26,-75.69,-65.65,
-68.88,
-84.92,-87.25,-89.57,-91.9,-94.22,-96.55,-98.88,-101.2,-84.92,
-84.92,
-90.4,-95.74,-101.1,-106.4,-90.4,
-90.4,
-90.33,-97.5,-90.33,
-90.33,-102.7,-90.33,
-65.78,-80.31,-65.78,
-56.08,
-66.57,-83.74,-66.57,
-66.57,
-83.95,-80.92,-77.9,-74.87,-71.85,-68.83,-83.95,
-83.95,
-50.25,-54.25,-50.25,
-58.25,-50.21,-58.25,
-42.17,
-49.4,-47.18,-49.4,
-44.95,
-44.07,
-46.6,
-51.6,
-65.18,-51.34,-65.18,
-65.18,-65.14,-65.09,-65.05,-65.01,-64.96,-65.18,
-51.6,-40.87,-30.14,-19.41,-51.6,
-46.6,
-46.2,-32.83,-19.45,-6.075,-46.2,
-46.2,-53.69,-61.18,-68.66,-76.15,-83.64,-46.2,
-44.07,-47.33,-44.07,
-50.6,
-45.22,
-37.85,-31.51,-25.16,-18.82,-12.47,-6.131,0.2125,6.556,-37.85,
-37.85,-25.22,-12.6,0.025,-37.85,
-45.22,-45.88,-46.54,-47.2,-47.86,-48.52,-49.18,-49.84,-45.22,
-50.6,-49.93,-50.6,
-49.27,
-67.77,
-87.6,
-87.6,
-67.77,
-49.27,
-51.77,
-52.1,
-37.95,-13.53,-37.95,
-37.95,-13.81,-37.95,
10.33,
10.33,
-52.1,-61.02,-69.94,-78.86,-87.79,-96.71,-52.1,
-51.77,-55.25,-51.77,
-58.72,-76.3,-93.89,-111.5,-58.72,
-58.72,-58.58,-58.44,-58.3,-58.15,-58.01,-57.87,-57.73,-57.59,-57.45,-57.3,-57.16,-58.72,
-57.02,-53.95,-50.88,-47.82,-44.75,-41.68,-38.61,-35.54,-32.47,-29.41,-26.34,-23.27,-57.02,
-20.2,-16.41,-12.63,-8.838,-20.2,
-5.05,-2.025,-5.05,
-5.05,-3.945,-2.84,-1.735,-0.63,0.475,1.58,2.685,3.79,4.895,-5.05,
 6,
6.05,7.06,6.05,
6.05,
 6,-3.168,-12.34,-21.5, 6,
-20.2,-10.44,-20.2,
-0.67,
8.25,
8.25,
-0.67,1.545,3.76,5.975,8.19,10.4,-0.67,
-57.02,-58.78,-57.02,
-60.55,-58.02,-55.48,-52.95,-50.42,-47.89,-45.35,-42.82,-40.29,-37.75,-60.55,
-35.22,-24,-12.78,-1.553,-35.22,
-35.22,-30.04,-24.87,-19.69,-14.51,-9.333,-4.155,1.022,-35.22,
6.2,
9.52,
9.52,
6.2,
14.6,
14.6,
-60.55,-59.06,-57.57,-56.08,-54.59,-53.1,-51.61,-50.12,-48.63,-47.14,-60.55,
-45.65,-47.14,-48.64,-50.13,-51.62,-53.12,-54.61,-56.11,-45.65,
-57.6,
-62.82,-68.68,-74.53,-80.39,-86.24,-92.1,-97.96,-103.8,-62.82,
-62.82,-48.69,-34.57,-20.45,-62.82,
-6.32,
-6.32,
-57.6,-65.06,-72.53,-79.99,-87.46,-94.92,-102.4,-109.9,-57.6,
-45.65,-41.16,-36.68,-32.19,-45.65,
-27.7,-23.25,-18.79,-14.34,-9.88,-5.425,-27.7,
-0.97,7.4,-0.97,
-0.97,-5.885,-0.97,
-10.8,
-10.8,-22.23,-10.8,
-27.7,
-13.7,-21.08,-13.7,
-28.45,-31.7,-34.96,-38.21,-41.46,-44.72,-28.45,
-28.45,-29.76,-31.07,-32.38,-33.68,-34.99,-28.45,
-13.7,-6.93,-0.16,6.61,-13.7,
-44.95,-69.49,-44.95,
-49.4,
-32.4,
-34.88,
-20.5,-30.26,-20.5,
-40.03,-37.45,-40.03,
-40.03,-44.59,-49.15,-53.71,-40.03,
-20.5,-17.99,-15.49,-12.98,-20.5,
-34.88,-36.71,-38.55,-40.38,-42.21,-44.05,-34.88,
-32.4,
-26.5,-7.99,-26.5,
10.52,
10.52,
-26.5,
-16.63,-14.39,-12.15,-9.91,-16.63,
-16.63,
-8.42,3.315,-8.42,
-8.42,
13.57,
13.57,
-42.17,
-51.67,
-47.9,-45.91,-43.92,-41.94,-39.95,-37.96,-47.9,
-47.9,-45.43,-42.95,-40.48,-38,-35.53,-33.05,-30.58,-47.9,
-51.67,-63.49,-75.32,-87.15,-51.67,
-58.25,
-67.05,-75.59,-84.14,-92.68,-67.05,
-67.05,
-80.52,
-80.52,
 0,
 0,
