0.9947,
 1,
0.4796,
0.2971,0.09734,0.06686,0.05069,0.04079,0.03405,0.01734,
0.2971,
0.2481,0.09835,0.06967,0.05385,0.0441,
0.2481,0.09126,0.06393,0.04912,0.03981,0.02407,0.01712,0.01345,0.009782,
0.4796,0.1019,0.04093,0.03501,0.03018,0.0203,0.01523,
 1,
0.4466,
0.1765,
0.1765,0.03653,0.02099,
0.4466,
0.3416,
0.1865,0.03786,0.02256,0.01424,0.01038,0.007242,0.005415,
0.1865,0.08709,0.06435,0.05097,0.04213,0.02938,0.0198,
0.3416,0.1278,0.0495,
 1,
0.801,
0.6504,
0.2152,
0.2152,
0.1993,
0.1993,0.04703,0.02924,
0.02431,
0.02431,
0.6504,
0.3552,
0.1745,0.08097,0.05621,
0.1745,0.1187,0.09807,0.08064,0.06044,0.04635,0.02824,0.01415,0.009616,
0.3552,
0.2047,
0.1011,0.02652,0.01751,0.01304,0.01038,
0.1011,0.07782,0.05984,0.03591,0.02104,
0.2047,0.09611,0.07075,0.05605,0.03236,
0.801,
0.3631,0.1009,0.06773,0.05087,0.03696,0.02137,0.0153,
0.3631,0.1232,0.085,
0.07372,0.02161,0.01499,
0.07372,0.04894,0.02877,
 1,0.2997,0.1992,0.1487,0.1185,
0.1075,0.08472,0.07414,0.06584,0.05672,
0.1075,
 1,
0.7249,
0.3765,0.1226,0.04424,0.0266,0.019,
0.3765,0.1638,0.124,0.09143,0.03782,0.02248,0.01595,
0.7249,
0.5589,
0.4027,0.05343,0.02934,
0.02436,
0.02436,
0.4027,0.03356,0.02057,
0.5589,
0.5157,
0.3432,0.04627,0.03604,0.02948,0.0233,
0.3432,
0.3138,0.03494,0.02185,
0.3138,
0.2324,0.09627,0.06891,0.05362,0.04384,0.03703,0.03051,
0.2324,0.1362,0.1054,0.08588,0.07241,0.06079,0.0377,
0.5157,0.2424,0.1775,0.1397,0.1151,
0.1057,0.06511,0.05119,0.04211,0.03571,
0.1057,0.06393,0.03494,0.02113,0.01459,
 1,
0.7652,
0.3172,
0.1146,0.06125,0.0466,0.03765,0.03166,0.02237,0.01489,
0.1146,0.05596,0.04108,0.0324,0.02683,
0.3172,0.1017,0.06962,
0.06012,0.01729,0.0117,0.008818,0.007068,
0.06012,0.04527,0.0411,0.0375,0.03399,0.02193,0.01321,0.009819,0.007269,
0.7652,
0.3167,0.09544,0.06512,0.03016,0.01896,0.01227,0.00904,0.007133,0.005867,
0.3167,
0.2284,0.0836,0.05016,0.02471,0.01635,
0.2284,
0.1019,0.02424,0.01602,
0.1019,0.03718,0.02415,
 1,0.3943,0.2691,
 1,
0.5902,0.04053,0.02317,
0.5902,
0.273,0.03578,0.02258,0.01646,0.01292,0.0106,0.008963,
0.273,
 1,0.9826,0.956,
0.9426,0.8667,0.8171,
0.7926,
0.7272,0.6791,0.6493,
0.635,
0.6199,
0.4161,
0.2349,
0.1236,0.06926,0.0534,
0.1236,0.05485,0.03985,0.03121,0.02553,0.02154,0.01862,
0.2349,0.1326,0.1023,0.07883,0.05646,
0.4161,
0.3536,0.1226,0.06546,0.04449,0.03381,
0.3536,0.1407,0.09949,0.07395,0.04948,0.03708,0.02958,
0.6199,0.5309,0.4813,
0.4599,
0.3224,
0.1906,0.0718,0.04802,0.036,0.02874,0.02384,0.015,0.01068,0.008291,
0.1906,0.06595,0.04328,0.02173,0.01259,
0.3224,0.1851,0.1258,0.09248,0.07053,0.04826,0.0248,0.01383,0.00956,
0.4599,0.4146,0.3852,
0.3753,
0.1422,
0.07811,
0.07811,
0.1422,
0.3753,
0.3595,
0.2865,
0.09173,0.03727,0.02671,
0.09173,0.03847,0.02761,
0.02415,
0.02415,
0.2865,0.07238,0.04786,0.03568,0.02797,0.02143,0.01743,
0.3595,0.3197,0.2924,
0.2803,0.08447,0.06173,0.03981,0.02721,
0.2803,0.2471,0.2313,0.217,0.2042,0.1927,0.182,0.1701,0.1631,0.1564,0.1501,0.1442,0.1387,
0.1361,0.1097,0.09641,0.08483,0.07565,0.06826,0.05978,0.05094,0.04426,0.03918,0.03509,0.03184,0.02914,
0.02811,0.02381,0.02153,0.01963,0.01797,
0.01722,0.0103,0.008002,
0.01722,0.01368,0.01194,0.01055,0.009413,0.008494,0.007714,0.007067,0.006499,0.006003,0.005559,
0.005318,
0.005169,0.004247,0.003769,
0.005169,
0.005318,0.002487,0.001802,0.001503,0.001282,
0.02811,0.02082,0.01593,
0.01429,
0.007703,
0.007703,
0.01429,0.01173,0.01051,0.009534,0.008704,0.007737,0.006284,
0.1361,0.1112,0.09858,
0.09316,0.07373,0.06282,0.05335,0.04635,0.04065,0.03615,0.03249,0.02952,0.02704,0.02492,
0.02397,0.01153,0.008434,0.004373,0.002616,
0.02397,0.01972,0.01758,0.01574,0.01423,0.01295,0.01154,0.01005,0.008811,
0.007737,
0.007028,
0.007028,
0.007737,
0.006487,
0.006487,
0.09316,0.05604,0.04378,0.03578,0.03016,0.02601,0.02281,0.02027,0.0182,0.01648,0.01503,
0.01438,0.01067,0.009061,0.007894,0.006994,0.006215,0.005576,0.005049,0.004613,
0.004416,
0.003035,0.00204,0.001647,0.001372,0.00117,0.001011,0.0008851,0.0007832,0.0006963,
0.003035,0.00193,0.001543,0.001269,0.001073,
0.0009938,
0.0009938,
0.004416,0.002554,0.001959,0.001581,0.001006,0.0006709,0.0005007,0.0003952,0.0003332,
0.01438,0.01085,0.009276,0.008069,0.007118,
0.006713,0.005323,0.003994,0.003026,0.002424,0.001922,0.001637,
0.001575,0.000788,0.000581,
0.001575,0.001414,0.00127,
0.001182,
0.001182,0.0009374,0.0008158,
0.006713,
0.003632,0.002408,0.001945,
0.001776,0.001335,0.001023,0.0007027,0.0004525,0.0003339,0.0002637,
0.001776,0.0007738,0.0005591,0.0004354,0.0003545,0.0002973,0.0002545,
0.003632,0.001164,0.0007924,0.0005964,0.0004746,
0.635,0.1562,0.1019,
0.7272,
0.3919,
0.2979,
0.1444,0.08605,0.06752,
0.06088,0.02017,0.0139,
0.06088,0.02004,0.01354,0.0102,0.008163,
0.1444,0.02585,0.01664,0.01224,0.009656,
0.2979,0.1763,0.1191,0.08959,0.07168,0.04988,0.0312,
0.3919,
0.3408,0.1484,0.08633,
0.0713,
0.0713,
0.3408,
0.1856,0.1069,0.08315,0.06789,0.0511,
0.1856,
0.1263,0.06377,0.04759,
0.1263,
0.05603,
0.05603,
0.7926,
0.3277,
0.2955,0.1393,0.1024,0.07689,0.05232,0.03863,0.02886,
0.2955,0.1487,0.1111,0.08847,0.07229,0.05215,0.04068,0.03328,0.02809,
0.3277,0.1707,0.1286,0.1029,0.07796,
0.9426,
0.4583,0.1384,0.08797,0.06433,0.05063,
0.4583,
0.1429,
0.1429,
 0,
 0,
