34.16,
56.41,
74.67,
86.41,96.72,107,117.3,127.7,138,86.41,
86.41,
92.54,100.6,108.6,116.6,92.54,
92.54,109.4,126.2,143.1,160,176.8,193.7,210.5,92.54,
74.67,91.4,108.1,124.8,141.6,158.3,74.67,
54.86,
73.83,
78.47,
78.47,80.51,78.47,
73.83,
79.96,
99.8,115.7,131.6,147.5,163.3,179.2,99.8,
99.8,110.5,121.2,131.8,142.5,153.2,99.8,
79.96,92.36,79.96,
56.26,
63.84,
69.56,
63.64,
63.64,
64.81,
64.81,80.42,64.81,
96.03,
96.03,
69.56,
74.23,
58.39,49.78,58.39,
58.39,57.44,56.49,55.54,54.59,53.65,52.7,51.75,58.39,
74.23,
84.45,
92.82,99.31,105.8,112.3,92.82,
92.82,104.5,116.2,127.8,92.82,
84.45,98.07,111.7,125.3,84.45,
63.84,
74.93,80.28,85.63,90.98,96.33,101.7,74.93,
74.93,92.01,74.93,
109.1,139.9,109.1,
109.1,131.1,109.1,
42.05,44.24,46.42,48.61,42.05,
50.8,51.38,51.97,52.55,50.8,
50.8,
37.76,
27.26,
11.42,1.278,-8.865,-19.01,11.42,
11.42,-5.59,-22.6,-39.61,-56.62,-73.63,11.42,
27.26,
24.54,
24.25,12.43,24.25,
0.61,
0.61,
24.25,29.21,24.25,
24.54,
23.75,
25.69,19.86,14.02,8.185,25.69,
25.69,
27.03,19.3,27.03,
27.03,
29.95,30.44,30.92,31.41,31.9,32.38,29.95,
29.95,34.64,39.33,44.02,48.7,53.39,29.95,
23.75,14.48,5.22,-4.045,23.75,
-13.31,-22.77,-32.24,-41.7,-13.31,
-13.31,-24.67,-36.03,-47.38,-13.31,
41.62,
34.62,
31.99,
40.75,44.9,49.05,53.21,57.36,61.51,40.75,
40.75,47.17,53.59,60.01,40.75,
31.99,14.07,31.99,
-3.84,-24.13,-44.42,-64.71,-3.84,
-3.84,-11.98,-20.12,-28.26,-36.39,-44.53,-52.67,-60.81,-3.84,
34.62,
33.4,40.91,48.43,55.94,63.46,70.97,78.48,86,33.4,
33.4,
24.65,15.6,6.555,-2.493,24.65,
24.65,
9.76,-8.33,9.76,
9.76,-8.77,9.76,
37.78,27.71,37.78,
34.57,
24.94,1.3,24.94,
24.94,
10.35,-1.648,-13.65,-25.64,-37.64,-49.64,10.35,
10.35,
43.94,38.41,43.94,
32.88,29.71,32.88,
26.54,
26.7,26.03,26.7,
25.36,
24.64,
15.54,
4.01,
-19.35,-28.86,-19.35,
-19.35,-41.87,-64.38,-86.9,-109.4,-131.9,-19.35,
4.01,6.57,9.13,11.69,4.01,
15.54,
12.03,-9.572,-31.17,-52.78,12.03,
12.03,-2.713,-17.46,-32.2,-46.94,-61.69,12.03,
24.64,27.09,24.64,
29.53,
43.11,
53.81,63.83,73.85,83.86,93.88,103.9,113.9,123.9,53.81,
53.81,68.58,83.36,98.13,53.81,
43.11,58.34,73.57,88.8,104,119.3,134.5,149.7,43.11,
29.53,30.17,29.53,
30.81,
14.04,
-7.03,
-7.03,
14.04,
30.81,
30.3,
30.1,
31,34.22,31,
31,25.01,31,
19.01,
19.01,
30.1,39.76,49.41,59.07,68.73,78.38,30.1,
30.3,28.5,30.3,
26.7,16.59,6.475,-3.637,26.7,
26.7,26.04,25.37,24.71,24.04,23.38,22.72,22.05,21.39,20.72,20.06,19.39,26.7,
18.73,15.5,12.27,9.042,5.813,2.584,-0.645,-3.874,-7.103,-10.33,-13.56,-16.79,18.73,
-20.02,-28.71,-37.4,-46.08,-20.02,
-54.77,-57.85,-54.77,
-54.77,-60.02,-65.27,-70.51,-75.76,-81.01,-86.26,-91.51,-96.75,-102,-54.77,
-107.2,
-111.4,-130.1,-111.4,
-111.4,
-107.2,-119.6,-131.9,-144.3,-107.2,
-20.02,-20.13,-20.02,
-20.24,
-23.84,
-23.84,
-20.24,-16.55,-12.87,-9.18,-5.493,-1.807,-20.24,
18.73,16.82,18.73,
14.91,16.2,17.48,18.77,20.05,21.34,22.63,23.91,25.2,26.48,14.91,
27.77,22.69,17.62,12.54,27.77,
27.77,33.27,38.76,44.26,49.75,55.25,60.75,66.24,27.77,
71.74,
76.63,
76.63,
71.74,
69.68,
69.68,
14.91,12.2,9.496,6.789,4.082,1.375,-1.332,-4.039,-6.746,-9.453,14.91,
-12.16,-18.48,-24.8,-31.12,-37.43,-43.75,-50.07,-56.39,-12.16,
-62.71,
-75.83,-83.9,-91.97,-100,-108.1,-116.2,-124.2,-132.3,-75.83,
-75.83,-72.44,-69.04,-65.65,-75.83,
-62.25,
-62.25,
-62.71,-56.5,-50.3,-44.09,-37.89,-31.68,-25.48,-19.27,-62.71,
-12.16,-11.49,-10.82,-10.15,-12.16,
-9.48,-3.457,2.567,8.59,14.61,20.64,-9.48,
26.66,25.5,26.66,
26.66,32.7,26.66,
38.74,
38.74,54.17,38.74,
-9.48,
8.3,9.585,8.3,
10.87,14.96,19.04,23.13,27.21,31.3,10.87,
10.87,18.47,26.08,33.68,41.29,48.89,10.87,
8.3,27.24,46.18,65.13,8.3,
25.36,11.35,25.36,
26.7,
35.57,
46.66,
67.87,79.25,67.87,
90.63,109.4,90.63,
90.63,103,115.5,127.9,90.63,
67.87,67.73,67.6,67.46,67.87,
46.66,66.91,87.17,107.4,127.7,147.9,46.66,
35.57,
35.41,35.26,35.41,
35.11,
35.11,
35.41,
23.15,18.09,13.02,7.962,23.15,
23.15,
7.28,-9.5,7.28,
7.28,
-9.64,
-9.64,
26.54,
54.56,
58.64,76.02,93.41,110.8,128.2,145.6,58.64,
58.64,76.36,94.08,111.8,129.5,147.2,165,182.7,58.64,
54.56,63.39,72.22,81.05,54.56,
32.88,
13.69,-3.455,-20.6,-37.74,13.69,
13.69,
0.56,
0.56,
 0,
 0,
