24,
25,
16,
22,22,22,22,22,22,22,
 8,
19,19,19,19,19,
22,22,22,22,22,22,22,22,22,
20,20,20,20,20,20,20,
28,
17,
16,
24,24,24,
 9,
28,
22,22,22,22,22,22,22,
19,19,19,19,19,19,19,
15,15,15,
11,
 8,
40,
30,
 2,
25,
16,16,16,
 5,
15,
29,
33,
23,23,23,
20,20,20,20,20,20,20,20,20,
23,
25,
19,19,19,19,19,
20,20,20,20,20,
17,17,17,17,17,
19,
23,23,23,23,23,23,23,
17,17,17,
27,27,27,
23,23,23,
20,20,20,20,20,
19,19,19,19,19,
38,
16,
26,
18,18,18,18,18,
22,22,22,22,22,22,22,
10,
 8,
18,18,18,
18,
 9,
20,20,20,
 4,
22,
22,22,22,22,22,
 4,
19,19,19,
17,
18,18,18,18,18,18,18,
22,22,22,22,22,22,22,
17,17,17,17,17,
18,18,18,18,18,
21,21,21,21,21,
21,
23,
26,
20,20,20,20,20,20,20,
22,22,22,22,22,
20,20,20,
21,21,21,21,21,
20,20,20,20,20,20,20,20,20,
23,
23,23,23,23,23,23,23,23,23,
14,
23,23,23,23,23,
26,
22,22,22,
17,17,17,
14,14,14,
16,
23,23,23,
27,
20,20,20,20,20,20,20,
18,
16,16,16,
22,22,22,
29,
14,14,14,
 8,
10,
16,
30,
14,14,14,
23,23,23,23,23,23,23,
17,17,17,17,17,
 4,
24,24,24,24,24,
23,23,23,23,23,23,23,
22,22,22,
16,
15,
20,20,20,20,20,20,20,20,20,
22,22,22,22,22,
19,19,19,19,19,19,19,19,19,
16,16,16,
27,
34,
25,
26,
38,
16,
 3,
20,
27,27,27,
25,25,25,
12,
 8,
18,18,18,18,18,18,18,
23,23,23,
22,22,22,22,22,
19,19,19,19,19,19,19,19,19,19,19,19,19,
22,22,22,22,22,22,22,22,22,22,22,22,22,
18,18,18,18,18,
17,17,17,
19,19,19,19,19,19,19,19,19,19,19,
 7,
15,15,15,
25,
17,17,17,17,17,
26,26,26,
21,
 7,
12,
18,18,18,18,18,18,18,
21,21,21,
20,20,20,20,20,20,20,20,20,20,20,
23,23,23,23,23,
22,22,22,22,22,22,22,22,22,
10,
 8,
14,
16,
12,
 9,
22,22,22,22,22,22,22,22,22,22,22,
20,20,20,20,20,20,20,20,20,
40,
19,19,19,19,19,19,19,19,19,
21,21,21,21,21,
17,
27,
22,22,22,22,22,22,22,22,22,
20,20,20,20,20,
21,21,21,21,21,21,21,
16,16,16,
20,20,20,
36,
24,24,24,
39,
24,24,24,
20,20,20,20,20,20,20,
21,21,21,21,21,21,21,
24,24,24,24,24,
26,26,26,
22,
13,
35,
26,26,26,
17,17,17,
17,17,17,17,17,
18,18,18,18,18,
22,22,22,22,22,22,22,
 7,
17,17,17,
 8,
12,
21,
22,22,22,22,22,
21,
18,18,18,
34,
11,
 6,
33,
 6,
23,23,23,23,23,23,23,
20,20,20,20,20,20,20,20,20,
17,17,17,17,17,
24,
19,19,19,19,19,
23,
37,
31,
 0,
 0,
