 0,
 1,
 2,
 3, 3, 3, 3, 3, 3, 3,
 4,
 5, 5, 5, 5, 5,
 6, 6, 6, 6, 6, 6, 6, 6, 6,
 7, 7, 7, 7, 7, 7, 7,
 8,
 9,
10,
11,11,11,
12,
13,
14,14,14,14,14,14,14,
15,15,15,15,15,15,15,
16,16,16,
17,
18,
19,
20,
21,
22,
23,23,23,
24,
25,
26,
27,
28,28,28,
29,29,29,29,29,29,29,29,29,
30,
31,
32,32,32,32,32,
33,33,33,33,33,
34,34,34,34,34,
35,
36,36,36,36,36,36,36,
37,37,37,
38,38,38,
39,39,39,
40,40,40,40,40,
41,41,41,41,41,
42,
43,
44,
45,45,45,45,45,
46,46,46,46,46,46,46,
47,
48,
49,49,49,
50,
51,
52,52,52,
53,
54,
55,55,55,55,55,
56,
57,57,57,
58,
59,59,59,59,59,59,59,
60,60,60,60,60,60,60,
61,61,61,61,61,
62,62,62,62,62,
63,63,63,63,63,
64,
65,
66,
67,67,67,67,67,67,67,
68,68,68,68,68,
69,69,69,
70,70,70,70,70,
71,71,71,71,71,71,71,71,71,
72,
73,73,73,73,73,73,73,73,73,
74,
75,75,75,75,75,
76,
77,77,77,
78,78,78,
79,79,79,
80,
81,81,81,
82,
83,83,83,83,83,83,83,
84,
85,85,85,
86,86,86,
87,
88,88,88,
89,
90,
91,
92,
93,93,93,
94,94,94,94,94,94,94,
95,95,95,95,95,
96,
97,97,97,97,97,
98,98,98,98,98,98,98,
99,99,99,
100,
101,
102,102,102,102,102,102,102,102,102,
103,103,103,103,103,
104,104,104,104,104,104,104,104,104,
105,105,105,
106,
107,
108,
109,
110,
111,
112,
113,
114,114,114,
115,115,115,
116,
117,
118,118,118,118,118,118,118,
119,119,119,
120,120,120,120,120,
121,121,121,121,121,121,121,121,121,121,121,121,121,
122,122,122,122,122,122,122,122,122,122,122,122,122,
123,123,123,123,123,
124,124,124,
125,125,125,125,125,125,125,125,125,125,125,
126,
127,127,127,
128,
129,129,129,129,129,
130,130,130,
131,
132,
133,
134,134,134,134,134,134,134,
135,135,135,
136,136,136,136,136,136,136,136,136,136,136,
137,137,137,137,137,
138,138,138,138,138,138,138,138,138,
139,
140,
141,
142,
143,
144,
145,145,145,145,145,145,145,145,145,145,145,
146,146,146,146,146,146,146,146,146,
147,
148,148,148,148,148,148,148,148,148,
149,149,149,149,149,
150,
151,
152,152,152,152,152,152,152,152,152,
153,153,153,153,153,
154,154,154,154,154,154,154,
155,155,155,
156,156,156,
157,
158,158,158,
159,
160,160,160,
161,161,161,161,161,161,161,
162,162,162,162,162,162,162,
163,163,163,163,163,
164,164,164,
165,
166,
167,
168,168,168,
169,169,169,
170,170,170,170,170,
171,171,171,171,171,
172,172,172,172,172,172,172,
173,
174,174,174,
175,
176,
177,
178,178,178,178,178,
179,
180,180,180,
181,
182,
183,
184,
185,
186,186,186,186,186,186,186,
187,187,187,187,187,187,187,187,187,
188,188,188,188,188,
189,
190,190,190,190,190,
191,
192,
193,
 0,
 0,
