17.62,
20.23,
18.98,
19.89,35.97,52.05,68.13,84.21,100.3,19.89,
19.89,
20.21,10.68,1.155,-8.372,20.21,
20.21,11.48,2.757,-5.969,-14.69,-23.42,-32.15,-40.87,20.21,
18.98,24.79,30.6,36.41,42.21,48.02,18.98,
18.7,
18.06,
11.82,
11.82,-17,11.82,
18.06,
18.7,
4.29,-5.015,-14.32,-23.63,-32.93,-42.24,4.29,
4.29,-8.057,-20.4,-32.75,-45.1,-57.44,4.29,
18.7,29.1,18.7,
15.85,
12.97,
10.99,
5.87,
5.87,
4.59,
4.59,11.32,4.59,
18.04,
18.04,
10.99,
-9.5,
-29.68,-44.12,-29.68,
-29.68,-46.39,-63.09,-79.8,-96.51,-113.2,-129.9,-146.6,-29.68,
-9.5,
-26.15,
-41.2,-52.35,-63.49,-74.63,-41.2,
-41.2,-54.9,-68.61,-82.31,-41.2,
-26.15,-31.91,-37.68,-43.44,-26.15,
12.97,
8.81,-11.7,-32.22,-52.73,-73.25,-93.76,8.81,
8.81,22.58,8.81,
36.35,35.22,36.35,
36.35,52.68,36.35,
13.55,-0.94,-15.43,-29.92,13.55,
-44.41,-59.95,-75.5,-91.04,-44.41,
-44.41,
12.99,
8.5,
21.16,24.43,27.69,30.96,21.16,
21.16,29.53,37.89,46.26,54.63,62.99,21.16,
8.5,
1.17,
-2.03,0.855,-2.03,
3.74,
3.74,
-2.03,-3.15,-2.03,
1.17,
-2.06,
-17.47,-35.2,-52.92,-70.65,-17.47,
-17.47,
-19.62,-35.31,-19.62,
-19.62,
-33.71,-48.45,-63.19,-77.93,-92.67,-107.4,-33.71,
-33.71,-49.93,-66.15,-82.37,-98.58,-114.8,-33.71,
-2.06,-16.73,-31.39,-46.06,-2.06,
-60.73,-73.54,-86.34,-99.15,-60.73,
-60.73,-75.94,-91.15,-106.4,-60.73,
11.76,
-1.37,
-16.74,
-34.03,-48.86,-63.7,-78.53,-93.36,-108.2,-34.03,
-34.03,-50.73,-67.43,-84.13,-34.03,
-16.74,-35.63,-16.74,
-54.52,-61.34,-68.16,-74.97,-54.52,
-54.52,-71.47,-88.41,-105.4,-122.3,-139.2,-156.2,-173.1,-54.52,
-1.37,
-7.83,-27.59,-47.34,-67.1,-86.86,-106.6,-126.4,-146.1,-7.83,
-7.83,
-14.94,-38.09,-61.24,-84.39,-14.94,
-14.94,
-28.39,-49.36,-28.39,
-28.39,-26.94,-28.39,
17.15,17.63,17.15,
19.39,
21.95,33.64,21.95,
21.95,
13.31,-0.3633,-14.04,-27.71,-41.38,-55.06,13.31,
13.31,
27.29,47.74,27.29,
68.19,97.33,68.19,
126.5,
153.5,173.1,153.5,
192.8,
200.1,
200.4,
207.9,
208.1,210.8,208.1,
208.1,211.8,215.4,219,222.6,226.2,208.1,
207.9,220.2,232.5,244.8,207.9,
200.4,
200.1,199.3,198.6,197.8,200.1,
200.1,185.8,171.6,157.3,143.1,128.8,200.1,
200.1,228.7,200.1,
257.3,
259.7,
260.8,247.6,234.3,221.1,207.9,194.6,181.4,168.2,260.8,
260.8,273,285.2,297.4,260.8,
259.7,262.2,264.7,267.3,269.8,272.3,274.8,277.3,259.7,
257.3,278.7,257.3,
300,
297.5,
291.8,
291.8,
297.5,
300,
313.3,
315.4,
320.8,306.8,320.8,
320.8,338.6,320.8,
356.4,
356.4,
315.4,327.3,339.2,351.1,362.9,374.8,315.4,
313.3,341.1,313.3,
368.8,380.9,393,405.1,368.8,
368.8,387.6,406.4,425.2,444,462.8,481.6,500.4,519.2,538,556.8,575.6,368.8,
594.3,615.6,636.9,658.2,679.5,700.8,722.1,743.4,764.6,785.9,807.2,828.5,594.3,
849.8,866.5,883.2,899.9,849.8,
916.6,934.8,916.6,
916.6,933.7,950.8,968,985.1,1002,1019,1036,1054,1071,916.6,
1088,
1091,1098,1091,
1091,
1088,1100,1112,1124,1088,
849.8,881.5,849.8,
913.2,
925.7,
925.7,
913.2,926.8,940.4,954,967.6,981.2,913.2,
594.3,624.9,594.3,
655.5,676,696.4,716.9,737.4,757.9,778.4,798.9,819.3,839.8,655.5,
860.3,878.8,897.4,915.9,860.3,
860.3,880.3,900.4,920.4,940.5,960.5,980.6,1001,860.3,
1021,
1026,
1026,
1021,
1031,
1031,
655.5,677.8,700.1,722.4,744.7,767,789.2,811.5,833.8,856.1,655.5,
878.4,896.9,915.4,933.8,952.3,970.8,989.2,1008,878.4,
1026,
1062,1077,1092,1107,1122,1137,1152,1167,1062,
1062,1078,1094,1110,1062,
1126,
1126,
1026,1046,1065,1085,1104,1124,1143,1163,1026,
878.4,901.6,924.7,947.9,878.4,
971,988,1005,1022,1039,1056,971,
1073,1090,1073,
1073,1099,1073,
1124,
1124,1139,1124,
971,
996.1,1029,996.1,
1062,1080,1098,1116,1134,1152,1062,
1062,1078,1095,1111,1128,1144,1062,
996.1,1010,1024,1039,996.1,
192.8,214.1,192.8,
153.5,
156,
159.2,
175.2,201.8,175.2,
228.4,229.8,228.4,
228.4,241.5,254.6,267.7,228.4,
175.2,189.7,204.1,218.6,175.2,
159.2,163.9,168.7,173.5,178.3,183,159.2,
156,
157.4,163.6,157.4,
169.9,
169.9,
157.4,
168,188.2,208.4,228.7,168,
168,
163.7,165.6,163.7,
163.7,
170.4,
170.4,
126.5,
116.6,
116.2,125.6,134.9,144.3,153.7,163,116.2,
116.2,110.2,104.1,98.01,91.94,85.87,79.8,73.72,116.2,
116.6,104.2,91.78,79.4,116.6,
68.19,
70.79,79.52,88.24,96.97,70.79,
70.79,
77.52,
77.52,
 0,
 0,
